name: match
channels:
  - conda-forge
  - defaults
dependencies:
  - asgiref=3.7.2=pyhd8ed1ab_0
  - backports.zoneinfo=0.2.1=py311h1ea47a8_7
  - beautifulsoup4=4.12.2=pyha770c72_0
  - bzip2=1.0.8=h8ffe710_4
  - ca-certificates=2023.7.22=h56e8100_0
  - dj-database-url=2.1.0=pyhd8ed1ab_0
  - django=4.2.4=pyhd8ed1ab_0
  - django-bootstrap5=23.3=pyhd8ed1ab_0
  - et_xmlfile=1.1.0=pyhd8ed1ab_0
  - freetype=2.12.1=h546665d_1
  - intel-openmp=2023.2.0=h57928b3_49496
  - krb5=1.21.2=heb0366b_0
  - lcms2=2.15=h3e3b177_1
  - lerc=4.0.0=h63175ca_0
  - libblas=3.9.0=17_win64_mkl
  - libcblas=3.9.0=17_win64_mkl
  - libdeflate=1.18=hcfcfb64_0
  - libexpat=2.5.0=h63175ca_1
  - libffi=3.4.2=h8ffe710_5
  - libhwloc=2.9.2=default_haede6df_1009
  - libiconv=1.17=h8ffe710_0
  - libjpeg-turbo=2.1.5.1=hcfcfb64_0
  - liblapack=3.9.0=17_win64_mkl
  - libpng=1.6.39=h19919ed_0
  - libpq=15.4=h43585b0_0
  - libsqlite=3.43.0=hcfcfb64_0
  - libtiff=4.5.1=h6c8260b_1
  - libwebp-base=1.3.1=hcfcfb64_0
  - libxcb=1.15=hcd874cb_0
  - libxml2=2.11.5=hc3477c8_1
  - libzlib=1.2.13=hcfcfb64_5
  - m2w64-gcc-libgfortran=5.3.0=6
  - m2w64-gcc-libs=5.3.0=7
  - m2w64-gcc-libs-core=5.3.0=7
  - m2w64-gmp=6.1.0=2
  - m2w64-libwinpthread-git=5.0.0.4634.697f757=2
  - mkl=2022.1.0=h6a75c08_874
  - msys2-conda-epoch=20160418=1
  - numpy=1.25.2=py311h0b4df5a_0
  - openjpeg=2.5.0=ha2aaf27_2
  - openpyxl=3.1.2=py311ha68e1ae_0
  - openssl=3.1.2=hcfcfb64_0
  - pillow=10.0.0=py311hde623f7_0
  - pip=23.2.1=pyhd8ed1ab_0
  - psycopg2=2.9.6=py311hb12f294_0
  - pthread-stubs=0.4=hcd874cb_1001
  - pthreads-win32=2.9.1=hfa6e2cd_3
  - python=3.11.5=h2628c8c_0_cpython
  - python_abi=3.11=3_cp311
  - setuptools=68.1.2=pyhd8ed1ab_0
  - soupsieve=2.3.2.post1=pyhd8ed1ab_0
  - sqlparse=0.4.4=pyhd8ed1ab_0
  - tbb=2021.10.0=h91493d7_0
  - tk=8.6.12=h8ffe710_0
  - typing_extensions=4.7.1=pyha770c72_0
  - tzdata=2023c=h71feb2d_0
  - ucrt=10.0.22621.0=h57928b3_0
  - vc=14.3=h64f974e_17
  - vc14_runtime=14.36.32532=hfdfe4a8_17
  - vs2015_runtime=14.36.32532=h05e6639_17
  - wheel=0.41.2=pyhd8ed1ab_0
  - whitenoise=6.5.0=pyhd8ed1ab_0
  - xorg-libxau=1.0.11=hcd874cb_0
  - xorg-libxdmcp=1.1.3=hcd874cb_0
  - xz=5.2.6=h8d14728_0
  - zstd=1.5.5=h12be248_0
  - pip:
      - gunicorn==21.2.0
      - packaging==23.1
prefix: C:\Users\User\mambaforge\envs\whatamatch
